image_width: 640
image_height: 480
camera_name: camera
camera_matrix:
  rows: 3
  cols: 3
  data: [583.317022, 0.000000, 313.457625, 0.000000, 586.606018, 238.608568, 0.000000, 0.000000, 1.000000]
distortion_model: plumb_bob
distortion_coefficients:
  rows: 1
  cols: 5
  data: [0.107991, -0.226039, 0.004281, -0.001566, 0.000000]
rectification_matrix:
  rows: 3
  cols: 3
  data: [1.000000, 0.000000, 0.000000, 0.000000, 1.000000, 0.000000, 0.000000, 0.000000, 1.000000]
projection_matrix:
  rows: 3
  cols: 4
  data: [590.698364, 0.000000, 312.512028, 0.000000, 0.000000, 594.635193, 240.003416, 0.000000, 0.000000, 0.000000, 1.000000, 0.000000]
